#Parameters = {a=20; d=2000; fl=88.5; fw=58; gh=15; inl=50; inw=3.625; mt=15; pl=223; pw=306; sh=90; sl=400; sw=460; uf=0.8}
#"Frequency / THz"	"S1,1 (inl=50) [Magnitude]"
#---------------------------------------------
0.010000000000000	-0.010493280441626
0.010990000000000	-0.016014646747598
0.011980000000000	-0.021012805173883
0.012970000000000	-0.025508548846807
0.013960000000000	-0.029522269860040
0.014950000000000	-0.033073969281461
0.015940000000000	-0.036183267625296
0.016930000000000	-0.038869415743026
0.017920000000000	-0.041151306087237
0.018910000000000	-0.043047484304077
0.019900000000000	-0.044576161110472
0.020890000000000	-0.045755224413530
0.021880000000000	-0.046602251629855
0.022870000000000	-0.047134522163411
0.023860000000000	-0.047369030000583
0.024850000000000	-0.047322496381764
0.025840000000000	-0.047011382508416
0.026830000000000	-0.046451902244669
0.027820000000000	-0.045660034772108
0.028810000000000	-0.044651537155783
0.029800000000000	-0.043441956778821
0.030790000000000	-0.042046643601972
0.031780000000000	-0.040480762203176
0.032770000000000	-0.038757360827319
0.033760000000000	-0.036893460249255
0.034750000000000	-0.034903750126554
0.035740000000000	-0.032802774990861
0.036730000000000	-0.030604944639717
0.037720000000000	-0.028324544021012
0.038710000000000	-0.025975742552196
0.039700000000000	-0.023572602813812
0.040690000000000	-0.021129088554248
0.041680000000000	-0.018659071939877
0.042670000000000	-0.016176339981987
0.043660000000000	-0.013694600069044
0.044650000000000	-0.011227484530430
0.045640000000000	-0.0087885541547846
0.046630000000000	-0.0063913005843267
0.047620000000000	-0.0040491475038583
0.048610000000000	-0.0017754505418549
0.049600000000000	0.0000000000000
0.050590000000000	1.9286549331066e-15
0.051580000000000	-9.6432746655329e-16
0.052570000000000	-9.6432746655329e-16
0.053560000000000	1.9286549331066e-15
0.054550000000000	0.0000000000000
0.055540000000000	0.0000000000000
0.056530000000000	-9.6432746655329e-16
0.057520000000000	-9.6432746655329e-16
0.058510000000000	0.0000000000000
0.059500000000000	1.9286549331066e-15
0.060490000000000	0.0000000000000
0.061480000000000	-9.6432746655329e-16
0.062470000000000	0.0000000000000
0.063460000000000	-1.9286549331066e-15
0.064450000000000	-1.9286549331066e-15
0.065440000000000	0.0000000000000
0.066430000000000	0.0000000000000
0.067420000000000	0.0000000000000
0.068410000000000	-1.9286549331066e-15
0.069400000000000	-9.6432746655329e-16
0.070390000000000	1.9286549331066e-15
0.071380000000000	-9.6432746655329e-16
0.072370000000000	-0.00049008372101925
0.073360000000000	-0.0038685713070739
0.074350000000000	-0.0075976131483368
0.075340000000000	-0.011682216465561
0.076330000000000	-0.016126598293451
0.077320000000000	-0.020934142715622
0.078310000000000	-0.026107359395022
0.079300000000000	-0.031647843867688
0.080290000000000	-0.037556240087079
0.081280000000000	-0.043832205719389
0.082270000000000	-0.050474380699019
0.083260000000000	-0.057480359553550
0.084250000000000	-0.064846668002598
0.085240000000000	-0.072568744320359
0.086230000000000	-0.080640925929956
0.087220000000000	-0.089056441666669
0.088210000000000	-0.097807410107980
0.089200000000000	-0.10688484431996
0.090190000000000	-0.11627866331323
0.091180000000000	-0.12597771043723
0.092170000000000	-0.13596977886939
0.093160000000000	-0.14624164427868
0.094150000000000	-0.15677910465854
0.095140000000000	-0.16756702723784
0.096130000000000	-0.17858940228888
0.097120000000000	-0.18982940356023
0.098110000000000	-0.20126945497380
0.099100000000000	-0.21289130313778
0.10000000000000	-0.22359852320064
0.10009000000000	-0.22467639037730
0.10108000000000	-0.23660826919758
0.10207000000000	-0.24866441779521
0.10306000000000	-0.26082470614157
0.10405000000000	-0.27306875169975
0.10504000000000	-0.28537601314607
0.10603000000000	-0.29772588496720
0.10702000000000	-0.31009779208121
0.10801000000000	-0.32247128363273
0.10900000000000	-0.33482612512657
0.10999000000000	-0.34714238809201
0.11098000000000	-0.35940053650866
0.11197000000000	-0.37158150927665
0.11296000000000	-0.38366679807317
0.11395000000000	-0.39563852000795
0.11494000000000	-0.40747948456549
0.11593000000000	-0.41917325440423
0.11692000000000	-0.43070419966762
0.11791000000000	-0.44205754555008
0.11890000000000	-0.45321941294740
0.11989000000000	-0.46417685210800
0.12088000000000	-0.47491786928428
0.12187000000000	-0.48543144646270
0.12286000000000	-0.49570755432440
0.12385000000000	-0.50573715865560
0.12484000000000	-0.51551222048737
0.12583000000000	-0.52502569029598
0.12682000000000	-0.53427149664026
0.12781000000000	-0.54324452964749
0.12880000000000	-0.55194061978801
0.12979000000000	-0.56035651239765
0.13078000000000	-0.56848983841987
0.13177000000000	-0.57633908184436
0.13276000000000	-0.58390354431631
0.13375000000000	-0.59118330738377
0.13474000000000	-0.59817919283657
0.13573000000000	-0.60489272157328
0.13672000000000	-0.61132607141008
0.13771000000000	-0.61748203422192
0.13870000000000	-0.62336397277804
0.13969000000000	-0.62897577760555
0.14068000000000	-0.63432182418482
0.14167000000000	-0.63940693074893
0.14266000000000	-0.64423631693002
0.14365000000000	-0.64881556346355
0.14464000000000	-0.65315057313326
0.14563000000000	-0.65724753311014
0.14662000000000	-0.66111287881233
0.14761000000000	-0.66475325938693
0.14860000000000	-0.66817550489099
0.14959000000000	-0.67138659522737
0.15058000000000	-0.67439363087039
0.15157000000000	-0.67720380539878
0.15256000000000	-0.67982437983673
0.15355000000000	-0.68226265878967
0.15454000000000	-0.68452596834905
0.15553000000000	-0.68662163572902
0.15652000000000	-0.68855697058946
0.15751000000000	-0.69033924799167
0.15850000000000	-0.69197569292694
0.15949000000000	-0.69347346635341
0.16048000000000	-0.69483965267284
0.16147000000000	-0.69608124857611
0.16246000000000	-0.69720515318503
0.16345000000000	-0.69821815941655
0.16444000000000	-0.69912694649597
0.16543000000000	-0.69993807354586
0.16642000000000	-0.70065797417873
0.16741000000000	-0.70129295202298
0.16840000000000	-0.70184917711355
0.16939000000000	-0.70233268308100
0.17038000000000	-0.70274936507519
0.17137000000000	-0.70310497836262
0.17236000000000	-0.70340513753886
0.17335000000000	-0.70365531630111
0.17434000000000	-0.70386084772814
0.17533000000000	-0.70402692501843
0.17632000000000	-0.70415860264007
0.17731000000000	-0.70426079784891
0.17830000000000	-0.70433829253436
0.17929000000000	-0.70439573535511
0.18028000000000	-0.70443764412972
0.18127000000000	-0.70446840844948
0.18226000000000	-0.70449229248392
0.18325000000000	-0.70451343795115
0.18424000000000	-0.70453586722795
0.18523000000000	-0.70456348657658
0.18622000000000	-0.70460008946709
0.18721000000000	-0.70464935997633
0.18820000000000	-0.70471487624606
0.18919000000000	-0.70480011398486
0.19018000000000	-0.70490844999960
0.19117000000000	-0.70504316574415
0.19216000000000	-0.70520745087394
0.19315000000000	-0.70540440679680
0.19414000000000	-0.70563705021099
0.19513000000000	-0.70590831662314
0.19612000000000	-0.70622106383929
0.19711000000000	-0.70657807542340
0.19810000000000	-0.70698206411840
0.19900000000000	-0.70739231901840
0.19909000000000	-0.70743554470232
0.20008000000000	-0.70793985527027
0.20107000000000	-0.70849876579005
0.20206000000000	-0.70911474090750
0.20305000000000	-0.70979019076560
0.20404000000000	-0.71052747413577
0.20503000000000	-0.71132890149630
0.20602000000000	-0.71219673805767
0.20701000000000	-0.71313320673478
0.20800000000000	-0.71414049106644
0.20899000000000	-0.71522073808275
0.20998000000000	-0.71637606112135
0.21097000000000	-0.71760854259358
0.21196000000000	-0.71892023670203
0.21295000000000	-0.72031317211086
0.21394000000000	-0.72178935457069
0.21493000000000	-0.72335076950001
0.21592000000000	-0.72499938452480
0.21691000000000	-0.72673715197882
0.21790000000000	-0.72856601136643
0.21889000000000	-0.73048789179055
0.21988000000000	-0.73250471434789
0.22087000000000	-0.73461839449404
0.22186000000000	-0.73683084438093
0.22285000000000	-0.73914397516916
0.22384000000000	-0.74155969931797
0.22483000000000	-0.74407993285536
0.22582000000000	-0.74670659763131
0.22681000000000	-0.74944162355668
0.22780000000000	-0.75228695083070
0.22879000000000	-0.75524453215994
0.22978000000000	-0.75831633497165
0.23077000000000	-0.76150434362430
0.23176000000000	-0.76481056161855
0.23275000000000	-0.76823701381137
0.23374000000000	-0.77178574863672
0.23473000000000	-0.77545884033563
0.23572000000000	-0.77925839119902
0.23671000000000	-0.78318653382645
0.23770000000000	-0.78724543340405
0.23869000000000	-0.79143729000503
0.23968000000000	-0.79576434091620
0.24067000000000	-0.80022886299387
0.24166000000000	-0.80483317505285
0.24265000000000	-0.80957964029211
0.24364000000000	-0.81447066876086
0.24463000000000	-0.81950871986885
0.24562000000000	-0.82469630494495
0.24661000000000	-0.83003598984787
0.24760000000000	-0.83553039763340
0.24859000000000	-0.84118221128228
0.24958000000000	-0.84699417649336
0.25057000000000	-0.85296910454634
0.25156000000000	-0.85910987523921
0.25255000000000	-0.86541943990496
0.25354000000000	-0.87190082451288
0.25453000000000	-0.87854037384331
0.25552000000000	-0.88535753104804
0.25651000000000	-0.89235555500777
0.25750000000000	-0.89953779213656
0.25849000000000	-0.90690767998255
0.25948000000000	-0.91446875094801
0.26047000000000	-0.92222463613525
0.26146000000000	-0.93017906932555
0.26245000000000	-0.93833589109856
0.26344000000000	-0.94669905309974
0.26443000000000	-0.95527262246405
0.26542000000000	-0.96406078640433
0.26641000000000	-0.97306785697329
0.26740000000000	-0.98229827600843
0.26839000000000	-0.99175662026965
0.26938000000000	-1.0014476067801
0.27037000000000	-1.0113760983806
0.27136000000000	-1.0215471095099
0.27235000000000	-1.0319658122216
0.27334000000000	-1.0426375424516
0.27433000000000	-1.0535678065489
0.27532000000000	-1.0647622880832
0.27631000000000	-1.0762268549454
0.27730000000000	-1.0879675667556
0.27829000000000	-1.0999906825958
0.27928000000000	-1.1123026690846
0.28027000000000	-1.1249102088116
0.28126000000000	-1.1378202091532
0.28225000000000	-1.1510398114875
0.28324000000000	-1.1645764008325
0.28423000000000	-1.1784376159307
0.28522000000000	-1.1926313598023
0.28621000000000	-1.2071658107964
0.28720000000000	-1.2220494341654
0.28819000000000	-1.2372909941924
0.28918000000000	-1.2528995669038
0.29017000000000	-1.2688845533981
0.29116000000000	-1.2852556938284
0.29215000000000	-1.3020230820732
0.29314000000000	-1.3191971811377
0.29413000000000	-1.3367888393257
0.29512000000000	-1.3548093072285
0.29611000000000	-1.3732702555766
0.29710000000000	-1.3921837940079
0.29800000000000	-1.4097812301001
0.29809000000000	-1.4115591607489
0.29908000000000	-1.4313787710758
0.30007000000000	-1.4516888964112
0.30106000000000	-1.4725035709584
0.30205000000000	-1.4938373760389
0.30304000000000	-1.5157054655697
0.30403000000000	-1.5381235929184
0.30502000000000	-1.5611081392202
0.30601000000000	-1.5846761432491
0.30700000000000	-1.6088453329409
0.30799000000000	-1.6336341586734
0.30898000000000	-1.6590618284153
0.30997000000000	-1.6851483448652
0.31096000000000	-1.7119145447090
0.31195000000000	-1.7393821401356
0.31294000000000	-1.7675737627586
0.31393000000000	-1.7965130101049
0.31492000000000	-1.8262244948427
0.31591000000000	-1.8567338969328
0.31690000000000	-1.8880680189053
0.31789000000000	-1.9202548444736
0.31888000000000	-1.9533236007206
0.31987000000000	-1.9873048241059
0.32086000000000	-2.0222304305645
0.32185000000000	-2.0581337899905
0.32284000000000	-2.0950498054209
0.32383000000000	-2.1330149972634
0.32482000000000	-2.1720675929386
0.32581000000000	-2.2122476223412
0.32680000000000	-2.2535970195564
0.32779000000000	-2.2961597313094
0.32878000000000	-2.3399818326656
0.32977000000000	-2.3851116505462
0.33076000000000	-2.4315998956765
0.33175000000000	-2.4794998036407
0.33274000000000	-2.5288672857790
0.33373000000000	-2.5797610907364
0.33472000000000	-2.6322429775469
0.33571000000000	-2.6863779012292
0.33670000000000	-2.7422342119621
0.33769000000000	-2.7998838690243
0.33868000000000	-2.8594026708001
0.33967000000000	-2.9208705022945
0.34066000000000	-2.9843716017589
0.34165000000000	-3.0499948482004
0.34264000000000	-3.1178340717547
0.34363000000000	-3.1879883891239
0.34462000000000	-3.2605625665457
0.34561000000000	-3.3356674130529
0.34660000000000	-3.4134202071231
0.34759000000000	-3.4939451602096
0.34858000000000	-3.5773739210921
0.34957000000000	-3.6638461255059
0.35056000000000	-3.7535099961101
0.35155000000000	-3.8465229985548
0.35254000000000	-3.9430525602225
0.35353000000000	-4.0432768591752
0.35452000000000	-4.1473856919579
0.35551000000000	-4.2555814302299
0.35650000000000	-4.3680800777586
0.35749000000000	-4.4851124411608
0.35848000000000	-4.6069254299842
0.35947000000000	-4.7337835043631
0.36046000000000	-4.8659702916486
0.36145000000000	-5.0037903972362
0.36244000000000	-5.1474747577511
0.36343000000000	-5.2974683804529
0.36442000000000	-5.4541518628310
0.36541000000000	-5.6179366373323
0.36640000000000	-5.7892683318705
0.36739000000000	-5.9686306180318
0.36838000000000	-6.1565496372825
0.36937000000000	-6.3535991158089
0.37036000000000	-6.5604063043281
0.37135000000000	-6.7776589119579
0.37234000000000	-7.0061132452549
0.37333000000000	-7.2466038178771
0.37432000000000	-7.5000547672172
0.37531000000000	-7.7674935076443
0.37630000000000	-8.0500671739810
0.37729000000000	-8.3490625753486
0.37828000000000	-8.6659306056590
0.37927000000000	-9.0023163679614
0.38026000000000	-9.3600967030582
0.38125000000000	-9.7414274251817
0.38224000000000	-10.148803446964
0.38323000000000	-10.585136261045
0.38422000000000	-11.053855159904
0.38521000000000	-11.559041488006
0.38620000000000	-12.105609757901
0.38719000000000	-12.699556721413
0.38818000000000	-13.348311455202
0.38917000000000	-14.061239937767
0.39016000000000	-14.850393827621
0.39115000000000	-15.731660468705
0.39214000000000	-16.726603181602
0.39313000000000	-17.865557288824
0.39412000000000	-19.193174037613
0.39511000000000	-20.779176409089
0.39610000000000	-22.741589490342
0.39700000000000	-25.037346738026
0.39709000000000	-25.305125563289
0.39808000000000	-28.986977864569
0.39907000000000	-35.524064532113
0.40006000000000	-48.492697024004
0.40105000000000	-33.233690233628
0.40204000000000	-27.772837507232
0.40303000000000	-24.432958046836
0.40402000000000	-22.023579420194
0.40501000000000	-20.139833564934
0.40600000000000	-18.594957887029
0.40699000000000	-17.287313427763
0.40798000000000	-16.155428287937
0.40897000000000	-15.159276251604
0.40996000000000	-14.271328829637
0.41095000000000	-13.471834165029
0.41194000000000	-12.746132714216
0.41293000000000	-12.083038726999
0.41392000000000	-11.473817002198
0.41491000000000	-10.911510201479
0.41590000000000	-10.390481880043
0.41689000000000	-9.9060972733882
0.41788000000000	-9.4544948903753
0.41887000000000	-9.0324196306987
0.41986000000000	-8.6370985997936
0.42085000000000	-8.2661471886563
0.42184000000000	-7.9174970123140
0.42283000000000	-7.5893399019981
0.42382000000000	-7.2800838659153
0.42481000000000	-6.9883180943682
0.42580000000000	-6.7127848833690
0.42679000000000	-6.4523569094348
0.42778000000000	-6.2060186851468
0.42877000000000	-5.9728513111475
0.42976000000000	-5.7520198492082
0.43075000000000	-5.5427627954831
0.43174000000000	-5.3443832485791
0.43273000000000	-5.1562414543403
0.43372000000000	-4.9777484758202
0.43471000000000	-4.8083607881624
0.43570000000000	-4.6475756378813
0.43669000000000	-4.4949270371429
0.43768000000000	-4.3499822881450
0.43867000000000	-4.2123389521252
0.43966000000000	-4.0816221930128
0.44065000000000	-3.9574824381723
0.44164000000000	-3.8395933086961
0.44263000000000	-3.7276497798173
0.44362000000000	-3.6213665386068
0.44461000000000	-3.5204765115024
0.44560000000000	-3.4247295386252
0.44659000000000	-3.3338911754657
0.44758000000000	-3.2477170728324
0.44857000000000	-3.1660260388997
0.44956000000000	-3.0886246192844
0.45055000000000	-3.0153312567596
0.45154000000000	-2.9459755271675
0.45253000000000	-2.8803974336154
0.45352000000000	-2.8184467522884
0.45451000000000	-2.7599824240272
0.45550000000000	-2.7048719865036
0.45649000000000	-2.6529910423954
0.45748000000000	-2.6042227594398
0.45847000000000	-2.5584573986478
0.45946000000000	-2.5155918672957
0.46045000000000	-2.4755292935958
0.46144000000000	-2.4381786201882
0.46243000000000	-2.4034542138005
0.46342000000000	-2.3712754886001
0.46441000000000	-2.3415665409175
0.46540000000000	-2.3142557931619
0.46639000000000	-2.2892756448789
0.46738000000000	-2.2665621290237
0.46837000000000	-2.2460545716542
0.46936000000000	-2.2276952533752
0.47035000000000	-2.2114290710113
0.47134000000000	-2.1972031981447
0.47233000000000	-2.1849667433352
0.47332000000000	-2.1746704050491
0.47431000000000	-2.1662661225645
0.47530000000000	-2.1597067224005
0.47629000000000	-2.1549455601389
0.47728000000000	-2.1519361578773
0.47827000000000	-2.1506318379709
0.47926000000000	-2.1509853541937
0.48025000000000	-2.1529485219745
0.48124000000000	-2.1564718499406
0.48223000000000	-2.1615041756257
0.48322000000000	-2.1679923088624
0.48421000000000	-2.1758806870722
0.48520000000000	-2.1851110473676
0.48619000000000	-2.1956221210790
0.48718000000000	-2.2073493569785
0.48817000000000	-2.2202246800705
0.48916000000000	-2.2341762933150
0.49015000000000	-2.2491285300035
0.49114000000000	-2.2650017646836
0.49213000000000	-2.2817123904713
0.49312000000000	-2.2991728702660
0.49411000000000	-2.3172918687506
0.49510000000000	-2.3359744710802
0.49600000000000	-2.3533651699730
0.49609000000000	-2.3551214762994
0.49708000000000	-2.3746225630651
0.49807000000000	-2.3943843767588
0.49906000000000	-2.4143017263392
0.50005000000000	-2.4342683295034
0.50104000000000	-2.4541775757123
0.50203000000000	-2.4739233609003
0.50302000000000	-2.4934009808355
0.50401000000000	-2.5125080673451
0.50500000000000	-2.5311455491980
0.50599000000000	-2.5492127346479
0.50698000000000	-2.5666258162623
0.50797000000000	-2.5833013213520
0.50896000000000	-2.5991627454421
0.50995000000000	-2.6141413177112
0.51094000000000	-2.6281766649061
0.51193000000000	-2.6412173571196
0.51292000000000	-2.6532213221029
0.51391000000000	-2.6641561185972
0.51490000000000	-2.6739990633549
0.51589000000000	-2.6827372108527
0.51688000000000	-2.6903671890063
0.51787000000000	-2.6968948982457
0.51886000000000	-2.7023350849545
0.51985000000000	-2.7067108033455
0.52084000000000	-2.7100527822420
0.52183000000000	-2.7123987148924
0.52282000000000	-2.7137924908480
0.52381000000000	-2.7142833890969
0.52480000000000	-2.7139252511407
0.52579000000000	-2.7127756516028
0.52678000000000	-2.7108950823886
0.52777000000000	-2.7083461644840
0.52876000000000	-2.7051928993187
0.52975000000000	-2.7014999693313
0.53074000000000	-2.6973320950844
0.53173000000000	-2.6927406759151
0.53272000000000	-2.6878016493193
0.53371000000000	-2.6825766276151
0.53470000000000	-2.6771253267507
0.53569000000000	-2.6715052449398
0.53668000000000	-2.6657714020561
0.53767000000000	-2.6599761360103
0.53866000000000	-2.6541689517213
0.53965000000000	-2.6483964178912
0.54064000000000	-2.6427021065839
0.54163000000000	-2.6371265705537
0.54262000000000	-2.6317073533546
0.54361000000000	-2.6264790274420
0.54460000000000	-2.6214732557454
0.54559000000000	-2.6167188725087
0.54658000000000	-2.6122419795480
0.54757000000000	-2.6080660544547
0.54856000000000	-2.6042120676495
0.54955000000000	-2.6006986055655
0.55054000000000	-2.5975419976032
0.55153000000000	-2.5947564448365
0.55252000000000	-2.5923541487662
0.55351000000000	-2.5903454387096
0.55450000000000	-2.5887388966719
0.55549000000000	-2.5875414787838
0.55648000000000	-2.5867586325914
0.55747000000000	-2.5863944096691
0.55846000000000	-2.5864515731772
0.55945000000000	-2.5869317001219
0.56044000000000	-2.5878352781854
0.56143000000000	-2.5891617970886
0.56242000000000	-2.5909098345228
0.56341000000000	-2.5930771367513
0.56440000000000	-2.5956606940283
0.56539000000000	-2.5986568110225
0.56638000000000	-2.6020611724577
0.56737000000000	-2.6058689042057
0.56836000000000	-2.6100746300777
0.56935000000000	-2.6146725245682
0.57034000000000	-2.6196563618089
0.57133000000000	-2.6250195609857
0.57232000000000	-2.6307552284718
0.57331000000000	-2.6368561969187
0.57430000000000	-2.6433150615409
0.57529000000000	-2.6501242138182
0.57628000000000	-2.6572758728287
0.57727000000000	-2.6647621144136
0.57826000000000	-2.6725748983629
0.57925000000000	-2.6807060937963
0.58024000000000	-2.6891475029049
0.58123000000000	-2.6978908832019
0.58222000000000	-2.7069279684222
0.58321000000000	-2.7162504881966
0.58420000000000	-2.7258501866167
0.58519000000000	-2.7357188397917
0.58618000000000	-2.7458482724944
0.58717000000000	-2.7562303739754
0.58816000000000	-2.7668571130231
0.58915000000000	-2.7777205523327
0.59014000000000	-2.7888128622411
0.59113000000000	-2.8001263338778
0.59212000000000	-2.8116533917733
0.59311000000000	-2.8233866059600
0.59410000000000	-2.8353187035970
0.59500000000000	-2.8463326682384
0.59509000000000	-2.8474412156417
0.59608000000000	-2.8597348799130
0.59707000000000	-2.8722065571764
0.59806000000000	-2.8848497088664
0.59905000000000	-2.8976580053383
0.60004000000000	-2.9106253349758
0.60103000000000	-2.9237458129042
0.60202000000000	-2.9370137893094
0.60301000000000	-2.9504238573602
0.60400000000000	-2.9639708607315
0.60499000000000	-2.9776499007242
0.60598000000000	-2.9914563429763
0.60697000000000	-3.0053858237621
0.60796000000000	-3.0194342558714
0.60895000000000	-3.0335978340672
0.60994000000000	-3.0478730401148
0.61093000000000	-3.0622566473800
0.61192000000000	-3.0767457249939
0.61291000000000	-3.0913376415807
0.61390000000000	-3.1060300685502
0.61489000000000	-3.1208209829537
0.61588000000000	-3.1357086699075
0.61687000000000	-3.1506917245855
0.61786000000000	-3.1657690537877
0.61885000000000	-3.1809398770906
0.61984000000000	-3.1962037275878
0.62083000000000	-3.2115604522318
0.62182000000000	-3.2270102117867
0.62281000000000	-3.2425534804070
0.62380000000000	-3.2581910448548
0.62479000000000	-3.2739240033739
0.62578000000000	-3.2897537642356
0.62677000000000	-3.3056820439766
0.62776000000000	-3.3217108653476
0.62875000000000	-3.3378425549942
0.62974000000000	-3.3540797408915
0.63073000000000	-3.3704253495536
0.63172000000000	-3.3868826030443
0.63271000000000	-3.4034550158088
0.63370000000000	-3.4201463913544
0.63469000000000	-3.4369608188017
0.63568000000000	-3.4539026693331
0.63667000000000	-3.4709765925622
0.63766000000000	-3.4881875128500
0.63865000000000	-3.5055406255909
0.63964000000000	-3.5230413934952
0.64063000000000	-3.5406955428903
0.64162000000000	-3.5585090600652
0.64261000000000	-3.5764881876810
0.64360000000000	-3.5946394212710
0.64459000000000	-3.6129695058509
0.64558000000000	-3.6314854326620
0.64657000000000	-3.6501944360658
0.64756000000000	-3.6691039906127
0.64855000000000	-3.6882218083004
0.64954000000000	-3.7075558360429
0.65053000000000	-3.7271142533653
0.65152000000000	-3.7469054703420
0.65251000000000	-3.7669381257929
0.65350000000000	-3.7872210857528
0.65449000000000	-3.8077634422271
0.65548000000000	-3.8285745122475
0.65647000000000	-3.8496638372386
0.65746000000000	-3.8710411827078
0.65845000000000	-3.8927165382682
0.65944000000000	-3.9147001180046
0.66043000000000	-3.9370023611917
0.66142000000000	-3.9596339333720
0.66241000000000	-3.9826057278036
0.66340000000000	-4.0059288672815
0.66439000000000	-4.0296147063429
0.66538000000000	-4.0536748338603
0.66637000000000	-4.0781210760290
0.66736000000000	-4.1029654997549
0.66835000000000	-4.1282204164474
0.66934000000000	-4.1538983862226
0.67033000000000	-4.1800122225214
0.67132000000000	-4.2065749971478
0.67231000000000	-4.2336000457305
0.67330000000000	-4.2611009736142
0.67429000000000	-4.2890916621840
0.67528000000000	-4.3175862756276
0.67627000000000	-4.3465992681404
0.67726000000000	-4.3761453915777
0.67825000000000	-4.4062397035607
0.67924000000000	-4.4368975760390
0.68023000000000	-4.4681347043178
0.68122000000000	-4.4999671165542
0.68221000000000	-4.5324111837298
0.68320000000000	-4.5654836301053
0.68419000000000	-4.5992015441658
0.68518000000000	-4.6335823900629
0.68617000000000	-4.6686440195630
0.68716000000000	-4.7044046845099
0.68815000000000	-4.7408830498113
0.68914000000000	-4.7780982069587
0.69013000000000	-4.8160696880927
0.69112000000000	-4.8548174806227
0.69211000000000	-4.8943620424147
0.69310000000000	-4.9347243175597
0.69400000000000	-4.9721449178589
0.69409000000000	-4.9759246321465
0.69508000000000	-5.0179748119235
0.69607000000000	-5.0609085186817
0.69706000000000	-5.1047488089877
0.69805000000000	-5.1495193135884
0.69904000000000	-5.1952442569627
0.70003000000000	-5.2419484775620
0.70102000000000	-5.2896574487585
0.70201000000000	-5.3383973005201
0.70300000000000	-5.3881948418327
0.70399000000000	-5.4390775838883
0.70498000000000	-5.4910737640627
0.70597000000000	-5.5442123707018
0.70696000000000	-5.5985231687395
0.70795000000000	-5.6540367261689
0.70894000000000	-5.7107844413883
0.70993000000000	-5.7687985714443
0.71092000000000	-5.8281122611920
0.71191000000000	-5.8887595733949
0.71290000000000	-5.9507755197807
0.71389000000000	-6.0141960930734
0.71488000000000	-6.0790583000154
0.71587000000000	-6.1454001953929
0.71686000000000	-6.2132609170732
0.71785000000000	-6.2826807220592
0.71884000000000	-6.3537010235588
0.71983000000000	-6.4263644290627
0.72082000000000	-6.5007147794127
0.72181000000000	-6.5767971888355
0.72280000000000	-6.6546580859008
0.72379000000000	-6.7343452553518
0.72478000000000	-6.8159078807350
0.72577000000000	-6.8993965877352
0.72676000000000	-6.9848634880973
0.72775000000000	-7.0723622239834
0.72874000000000	-7.1619480125792
0.72973000000000	-7.2536776907171
0.73072000000000	-7.3476097592337
0.73171000000000	-7.4438044267163
0.73270000000000	-7.5423236522186
0.73369000000000	-7.6432311864379
0.73468000000000	-7.7465926107445
0.73567000000000	-7.8524753733266
0.73666000000000	-7.9609488215689
0.73765000000000	-8.0720842296104
0.73864000000000	-8.1859548198155
0.73963000000000	-8.3026357766516
0.74062000000000	-8.4222042511696
0.74161000000000	-8.5447393539419
0.74260000000000	-8.6703221338954
0.74359000000000	-8.7990355399912
0.74458000000000	-8.9309643621192
0.74557000000000	-9.0661951468838
0.74656000000000	-9.2048160831363
0.74755000000000	-9.3469168511304
0.74854000000000	-9.4925884280172
0.74953000000000	-9.6419228410152
0.75052000000000	-9.7950128579500
0.75151000000000	-9.9519516029132
0.75250000000000	-10.112832082481
0.75349000000000	-10.277746605196
0.75448000000000	-10.446786073788
0.75547000000000	-10.620039125776
0.75646000000000	-10.797591093630
0.75745000000000	-10.979522750377
0.75844000000000	-11.165908800414
0.75943000000000	-11.356816068155
0.76042000000000	-11.552301328963
0.76141000000000	-11.752408717466
0.76240000000000	-11.957166637932
0.76339000000000	-12.166584089815
0.76438000000000	-12.380646309261
0.76537000000000	-12.599309614621
0.76636000000000	-12.822495331718
0.76735000000000	-13.050082663999
0.76834000000000	-13.281900365770
0.76933000000000	-13.517717076373
0.77032000000000	-13.757230183679
0.77131000000000	-14.000053112439
0.77230000000000	-14.245700984808
0.77329000000000	-14.493574686935
0.77428000000000	-14.742943509452
0.77527000000000	-14.992926725459
0.77626000000000	-15.242474741954
0.77725000000000	-15.490350821746
0.77824000000000	-15.735114826778
0.77923000000000	-15.975110968198
0.78022000000000	-16.208462123862
0.78121000000000	-16.433073819856
0.78220000000000	-16.646651337744
0.78319000000000	-16.846733418343
0.78418000000000	-17.030745464573
0.78517000000000	-17.196073790095
0.78616000000000	-17.340160200208
0.78715000000000	-17.460613111240
0.78814000000000	-17.555327894001
0.78913000000000	-17.622605864170
0.79012000000000	-17.661259244058
0.79111000000000	-17.670689339445
0.79210000000000	-17.650927568313
0.79300000000000	-17.608174196187
0.79309000000000	-17.602631254306
0.79408000000000	-17.527022479580
0.79507000000000	-17.425871708427
0.79606000000000	-17.301322183224
0.79705000000000	-17.155793860406
0.79804000000000	-16.991863470801
0.79903000000000	-16.812154560018
0.80002000000000	-16.619244524809
0.80101000000000	-16.415592154442
0.80200000000000	-16.203486164589
0.80299000000000	-15.985013027499
0.80398000000000	-15.762041119352
0.80497000000000	-15.536217695038
0.80596000000000	-15.308975248188
0.80695000000000	-15.081544200379
0.80794000000000	-14.854969407169
0.80893000000000	-14.630128543017
0.80992000000000	-14.407750955901
0.81091000000000	-14.188436028719
0.81190000000000	-13.972670437872
0.81289000000000	-13.760843964768
0.81388000000000	-13.553263705973
0.81487000000000	-13.350166657113
0.81586000000000	-13.151730728824
0.81685000000000	-12.958084302366
0.81784000000000	-12.769314458004
0.81883000000000	-12.585474018638
0.81982000000000	-12.406587550145
0.82081000000000	-12.232656452511
0.82180000000000	-12.063663265046
0.82279000000000	-11.899575296564
0.82378000000000	-11.740347678685
0.82477000000000	-11.585925928142
0.82576000000000	-11.436248092510
0.82675000000000	-11.291246543412
0.82774000000000	-11.150849472038
0.82873000000000	-11.014982133703
0.82972000000000	-10.883567881132
0.83071000000000	-10.756529020109
0.83170000000000	-10.633787515912
0.83269000000000	-10.515265574547
0.83368000000000	-10.400886119000
0.83467000000000	-10.290573177575
0.83566000000000	-10.184252198658
0.83665000000000	-10.081850303975
0.83764000000000	-9.9832964905163
0.83863000000000	-9.8885217896558
0.83962000000000	-9.7974593906441
0.84061000000000	-9.7100447345153
0.84160000000000	-9.6262155834745
0.84259000000000	-9.5459120700274
0.84358000000000	-9.4690767294298
0.84457000000000	-9.3956545184638
0.84556000000000	-9.3255928230615
0.84655000000000	-9.2588414568925
0.84754000000000	-9.1953526526904
0.84853000000000	-9.1350810478017
0.84952000000000	-9.0779833909118
0.85051000000000	-9.0240193467546
0.85150000000000	-8.9731506391757
0.85249000000000	-8.9253413030748
0.85348000000000	-8.8805576560898
0.85447000000000	-8.8387682694708
0.85546000000000	-8.7999439385555
0.85645000000000	-8.7640576531793
0.85744000000000	-8.7310845682979
0.85843000000000	-8.7010019750427
0.85942000000000	-8.6737892723885
0.86041000000000	-8.6494279395761
0.86140000000000	-8.6279015093990
0.86239000000000	-8.6091955424402
0.86338000000000	-8.5932976023195
0.86437000000000	-8.5801972319969
0.86536000000000	-8.5698859311574
0.86635000000000	-8.5623571346919
0.86734000000000	-8.5576061922760
0.86833000000000	-8.5556303490386
0.86932000000000	-8.5564287273018
0.87031000000000	-8.5600023093686
0.87130000000000	-8.5663539213219
0.87229000000000	-8.5754882177979
0.87328000000000	-8.5874116676830
0.87427000000000	-8.6021325406813
0.87526000000000	-8.6196608946880
0.87625000000000	-8.6400085638998
0.87724000000000	-8.6631891475786
0.87823000000000	-8.6892179993797
0.87922000000000	-8.7181122171406
0.88021000000000	-8.7498906330116
0.88120000000000	-8.7845738037964
0.88219000000000	-8.8221840013488
0.88318000000000	-8.8627452028494
0.88417000000000	-8.9062830807623
0.88516000000000	-8.9528249922384
0.88615000000000	-9.0023999676955
0.88714000000000	-9.0550386982650
0.88813000000000	-9.1107735217423
0.88912000000000	-9.1696384066213
0.89011000000000	-9.2316689337220
0.89110000000000	-9.2969022748420
0.89200000000000	-9.3590171809062
0.89209000000000	-9.3653776386866
0.89308000000000	-9.4371395748569
0.89407000000000	-9.5122251859931
0.89506000000000	-9.5906777162753
0.89605000000000	-9.6725418222737
0.89704000000000	-9.7578635151907
0.89803000000000	-9.8466900923574
0.89902000000000	-9.9390700560091
0.90001000000000	-10.035053017039
0.90100000000000	-10.134689581039
0.90199000000000	-10.238031213477
0.90298000000000	-10.345130080354
0.90397000000000	-10.456038860031
0.90496000000000	-10.570810521240
0.90595000000000	-10.689498061420
0.90694000000000	-10.812154198580
0.90793000000000	-10.938831008726
0.90892000000000	-11.069579499613
0.90991000000000	-11.204449110045
0.91090000000000	-11.343487122193
0.91189000000000	-11.486737972405
0.91288000000000	-11.634242443646
0.91387000000000	-11.786036720080
0.91486000000000	-11.942151281323
0.91585000000000	-12.102609610491
0.91684000000000	-12.267426686459
0.91783000000000	-12.436607226560
0.91882000000000	-12.610143641515
0.91981000000000	-12.788013659612
0.92080000000000	-12.970177572319
0.92179000000000	-13.156575048759
0.92278000000000	-13.347121462226
0.92377000000000	-13.541703668693
0.92476000000000	-13.740175175785
0.92575000000000	-13.942350642148
0.92674000000000	-14.147999652824
0.92773000000000	-14.356839728265
0.92872000000000	-14.568528545365
0.92971000000000	-14.782655381506
0.93070000000000	-14.998731840935
0.93169000000000	-15.216181991013
0.93268000000000	-15.434332128571
0.93367000000000	-15.652400517897
0.93466000000000	-15.869487594451
0.93565000000000	-16.084567312032
0.93664000000000	-16.296480520108
0.93763000000000	-16.503931478854
0.93862000000000	-16.705488827010
0.93961000000000	-16.899592473349
0.94060000000000	-17.084567932669
0.94159000000000	-17.258649506722
0.94258000000000	-17.420013351274
0.94357000000000	-17.566820818143
0.94456000000000	-17.697271498553
0.94555000000000	-17.809664167776
0.94654000000000	-17.902462471787
0.94753000000000	-17.974360921350
0.94852000000000	-18.024345843555
0.94951000000000	-18.051745658057
0.95050000000000	-18.056265382604
0.95149000000000	-18.038001653212
0.95248000000000	-17.997436590274
0.95347000000000	-17.935411198900
0.95446000000000	-17.853081219567
0.95545000000000	-17.751860039580
0.95644000000000	-17.633354177192
0.95743000000000	-17.499296898301
0.95842000000000	-17.351484846535
0.95941000000000	-17.191721408753
0.96040000000000	-17.021769183232
0.96139000000000	-16.843312614321
0.96238000000000	-16.657930773382
0.96337000000000	-16.467079481801
0.96436000000000	-16.272081494163
0.96535000000000	-16.074123246532
0.96634000000000	-15.874256661424
0.96733000000000	-15.673404619530
0.96832000000000	-15.472368899590
0.96931000000000	-15.271839606832
0.97030000000000	-15.072405326635
0.97129000000000	-14.874563435485
0.97228000000000	-14.678730167237
0.97327000000000	-14.485250166981
0.97426000000000	-14.294405369104
0.97525000000000	-14.106423114173
0.97624000000000	-13.921483475402
0.97723000000000	-13.739725804220
0.97822000000000	-13.561254529836
0.97921000000000	-13.386144263008
0.98020000000000	-13.214444262356
0.98119000000000	-13.046182324596
0.98218000000000	-12.881368159669
0.98317000000000	-12.719996309159
0.98416000000000	-12.562048662520
0.98515000000000	-12.407496621002
0.98614000000000	-12.256302954377
0.98713000000000	-12.108423390725
0.98812000000000	-11.963807974962
0.98911000000000	-11.822402227494
0.99010000000000	-11.684148130468
0.99100000000000	-11.561146438919
0.99109000000000	-11.548985642391
0.99208000000000	-11.416858010450
0.99307000000000	-11.287694267324
0.99406000000000	-11.161429447477
0.99505000000000	-11.037998126296
0.99604000000000	-10.917334776873
0.99703000000000	-10.799374067633
0.99802000000000	-10.684051109389
0.99901000000000	-10.571301659167
1.0000000000000	-10.461062287118
